%YAML:1.0
---
camera_image_width: 640
camera_image_height: 480
camera_matrix: !!opencv-matrix
   rows: 3
   cols: 3
   dt: d
   data: [ 6.0896797801678485e+02, 0., 3.2463739379097831e+02, 0.,
       6.0896797801678485e+02, 2.4509133172969374e+02, 0., 0., 1. ]
camera_distortion_coefficients: !!opencv-matrix
   rows: 5
   cols: 1
   dt: d
   data: [ 9.3749499338339655e-03, 9.1127530575576554e-01,
       2.6816342095888029e-03, -2.2554421074184295e-03,
       -3.6297377244531344e+00 ]
v: 1
lidar_camera_extrinsic: !!opencv-matrix
   rows: 4
   cols: 4
   dt: d
   data: [ -5.9445929435059774e-02, 3.4670259358160482e-02,
       9.9762926710759647e-01, -2.2407789163647170e-02,
       -9.9590441795129947e-01, 6.6141410849283933e-02,
       -6.1641739721960354e-02, 8.4320615305137799e-03,
       -6.8121742334482316e-02, -9.9720774509973809e-01,
       3.0596426824227363e-02, 5.3687456703660687e-02, 0., 0., 0., 1. ]
