%YAML:1.0
---
method: CALIB_HAND_EYE_TSAI
Tmc: !!opencv-matrix
   rows: 4
   cols: 4
   dt: d
   data: [ 9.3325795574954973e-01, -5.3143389380122585e-02,
       3.5525394888074663e-01, 2.0193555635639616e+01,
       -2.6254769399477401e-01, -7.7588239723399122e-01,
       5.7365077707649070e-01, -3.6382832787385759e+01,
       2.4514953887004959e-01, -6.2863525658972375e-01,
       -7.3805109427747229e-01, 5.8592834616029691e+01, 0., 0., 0., 1. ]
Standard_Deviation: !!opencv-matrix
   rows: 3
   cols: 4
   dt: d
   data: [ 1.0659149358650005e-02, 1.3039462626301379e-02,
       2.1966068477689102e-02, 1.1277941426189512e+01,
       2.2016520817957606e-02, 1.5809780201759972e-02,
       6.5033315552790148e-03, 5.7863659009380877e+00,
       8.9220736133150055e-03, 8.4440922386672338e-03,
       1.6137135062258293e-02, 1.3944388215413287e+01 ]
method: ALIB_HAND_EYE_PARK
Tmc: !!opencv-matrix
   rows: 4
   cols: 4
   dt: d
   data: [ 9.2813546263782509e-01, 7.2653452392382689e-02,
       3.6508360528722128e-01, 2.3484882560964202e+01,
       -1.2739229336343938e-01, -8.5955042558276862e-01,
       4.9491844729417711e-01, -1.3076612116597691e+01,
       3.4976530214651941e-01, -5.0586019979431751e-01,
       -7.8852374198777631e-01, 4.6097105720109596e+01, 0., 0., 0., 1. ]
Standard_Deviation: !!opencv-matrix
   rows: 3
   cols: 4
   dt: d
   data: [ 6.9957666661548913e-03, 1.0584719142048707e-02,
       2.3366417819923355e-02, 1.2486065424074097e+01,
       2.1559939473624248e-02, 1.4552648560647554e-02,
       4.6697767848169905e-03, 5.1320731437588716e+00,
       7.8123874298324861e-03, 6.5634336961194048e-03,
       1.1031782594273122e-02, 8.5573577137122125e+00 ]
method: CALIB_HAND_EYE_HORAUD
Tmc: !!opencv-matrix
   rows: 4
   cols: 4
   dt: d
   data: [ 9.2814945024432738e-01, 7.2707764676426298e-02,
       3.6503722956283585e-01, 2.3490322878540027e+01,
       -1.2731703769655223e-01, -8.5955820725217480e-01,
       4.9492429750175476e-01, -1.3068626959146080e+01,
       3.4975558597873430e-01, -5.0583917335571016e-01,
       -7.8854154029796508e-01, 4.6083176706652381e+01, 0., 0., 0., 1. ]
Standard_Deviation: !!opencv-matrix
   rows: 3
   cols: 4
   dt: d
   data: [ 6.9955165915016829e-03, 1.0585187950260486e-02,
       2.3366932755266367e-02, 1.2486506650711076e+01,
       2.1560316634599133e-02, 1.4552116113926226e-02,
       4.6687795862688213e-03, 5.1318822071011239e+00,
       7.8132785064645265e-03, 6.5632697379655811e-03,
       1.1030250499825849e-02, 8.5562111855332752e+00 ]
method: CALIB_HAND_EYE_ANDREFF
Tmc: !!opencv-matrix
   rows: 4
   cols: 4
   dt: d
   data: [ 8.9199977757129878e-01, 2.2687034102528636e-01,
       3.9098113148312408e-01, 5.2931641206967663e+00,
       2.6623439227693182e-02, -8.8979948367420025e-01,
       4.5557444104867878e-01, 5.8485913454998650e+00,
       4.5125113772315611e-01, -3.9596303768937463e-01,
       -7.9974101025729571e-01, 9.6493519019909559e+00, 0., 0., 0., 1. ]
Standard_Deviation: !!opencv-matrix
   rows: 3
   cols: 4
   dt: d
   data: [ 5.0922878815513484e-03, 1.0794014647573395e-02,
       2.6833790329719998e-02, 1.3617574580150372e+01,
       2.3536324075050706e-02, 1.5703798692985483e-02,
       4.4642002351846285e-03, 5.6221019447626839e+00,
       8.6976678375844767e-03, 5.4772233093304352e-03,
       8.9000361795296568e-03, 4.2614125127182794e+00 ]
method: CALIB_HAND_EYE_DANIILIDIS
Tmc: !!opencv-matrix
   rows: 4
   cols: 4
   dt: d
   data: [ -3.8427894254866185e-01, -7.7074966183696514e-01,
       5.0820729342649740e-01, -7.6511125280396550e+02,
       -9.2120222753248870e-01, 3.5646388163156978e-01,
       -1.5594857191181730e-01, -3.3046970086936881e+02,
       -6.0960235423292597e-02, -5.2808944305899364e-01,
       -8.4699786884429562e-01, 1.6186669142677736e+03, 0., 0., 0., 1. ]
Standard_Deviation: !!opencv-matrix
   rows: 3
   cols: 4
   dt: d
   data: [ 6.4253473999273157e-03, 3.1070289905914365e-02,
       8.6160469670822568e-02, 3.0092220837621397e+01,
       5.7664051441249184e-02, 8.6966729713468985e-02,
       5.1891985992306489e-02, 1.4199660853806058e+01,
       1.8615426876618345e-02, 4.8522863371678514e-02,
       6.1356567921487609e-02, 7.0150920271198302e+01 ]
