%YAML:1.0
---
Twm:
   -
      - !!opencv-matrix
         rows: 3
         cols: 3
         dt: f
         data: [ 7.14531600e-01, 6.58091962e-01, 2.37401798e-01,
             2.32393146e-02, 3.16823602e-01, -9.48199749e-01,
             -6.99217141e-01, 6.83035731e-01, 2.11086869e-01 ]
      - !!opencv-matrix
         rows: 3
         cols: 1
         dt: f
         data: [ 9.42275085e+02, -3.37020288e+03, 9.00603760e+02 ]
   -
      - !!opencv-matrix
         rows: 3
         cols: 3
         dt: f
         data: [ 7.04073846e-01, 6.48060203e-01, 2.90341407e-01,
             9.35709774e-02, 3.20628703e-01, -9.42571998e-01,
             -7.03935027e-01, 6.90807819e-01, 1.65106654e-01 ]
      - !!opencv-matrix
         rows: 3
         cols: 1
         dt: f
         data: [ 9.40315857e+02, -3.35639233e+03, 9.04338562e+02 ]
   -
      - !!opencv-matrix
         rows: 3
         cols: 3
         dt: f
         data: [ 6.64429188e-01, 6.99538052e-01, 2.63021588e-01,
             3.77402902e-02, 3.20083082e-01, -9.46637452e-01,
             -7.46397734e-01, 6.38900101e-01, 1.86271727e-01 ]
      - !!opencv-matrix
         rows: 3
         cols: 1
         dt: f
         data: [ 9.27283997e+02, -3.38540918e+03, 8.96893372e+02 ]
   -
      - !!opencv-matrix
         rows: 3
         cols: 3
         dt: f
         data: [ 6.55931234e-01, 6.81919515e-01, 3.23635638e-01,
             1.35459304e-01, 3.15453708e-01, -9.39222932e-01,
             -7.42566526e-01, 6.59905076e-01, 1.14543557e-01 ]
      - !!opencv-matrix
         rows: 3
         cols: 1
         dt: f
         data: [ 9.33836609e+02, -3.36442432e+03, 8.94658630e+02 ]
   -
      - !!opencv-matrix
         rows: 3
         cols: 3
         dt: f
         data: [ 6.61202788e-01, 6.97226405e-01, 2.76922762e-01,
             8.68524611e-02, 2.95503974e-01, -9.51385379e-01,
             -7.45162785e-01, 6.53110027e-01, 1.34832263e-01 ]
      - !!opencv-matrix
         rows: 3
         cols: 1
         dt: f
         data: [ 9.28031860e+02, -3.37879175e+03, 8.94384399e+02 ]
   -
      - !!opencv-matrix
         rows: 3
         cols: 3
         dt: f
         data: [ 6.19886875e-01, 7.32863128e-01, 2.80449569e-01,
             6.16574883e-02, 3.10805261e-01, -9.48471725e-01,
             -7.82265127e-01, 6.05237067e-01, 1.47477627e-01 ]
      - !!opencv-matrix
         rows: 3
         cols: 1
         dt: f
         data: [ 9.34013855e+02, -3.37616479e+03, 8.86015625e+02 ]
   -
      - !!opencv-matrix
         rows: 3
         cols: 3
         dt: f
         data: [ 6.18627787e-01, 7.08005786e-01, 3.40628266e-01,
             1.94555014e-01, 2.81998575e-01, -9.39481378e-01,
             -7.61214852e-01, 6.47460341e-01, 3.67060900e-02 ]
      - !!opencv-matrix
         rows: 3
         cols: 1
         dt: f
         data: [ 9.39095825e+02, -3.37131445e+03, 8.86014282e+02 ]
   -
      - !!opencv-matrix
         rows: 3
         cols: 3
         dt: f
         data: [ 6.26713455e-01, 7.34253764e-01, 2.60963082e-01,
             1.04416192e-01, 2.52742052e-01, -9.61882949e-01,
             -7.72222519e-01, 6.30073786e-01, 8.17288160e-02 ]
      - !!opencv-matrix
         rows: 3
         cols: 1
         dt: f
         data: [ 9.35647095e+02, -3.39708740e+03, 8.89968323e+02 ]
   -
      - !!opencv-matrix
         rows: 3
         cols: 3
         dt: f
         data: [ 4.96789157e-01, 8.30120325e-01, 2.53181517e-01,
             1.19597852e-01, 2.23461032e-01, -9.67347741e-01,
             -8.59591186e-01, 5.10847926e-01, 1.17323995e-02 ]
      - !!opencv-matrix
         rows: 3
         cols: 1
         dt: f
         data: [ 9.19277527e+02, -3.39341016e+03, 9.01945984e+02 ]
   -
      - !!opencv-matrix
         rows: 3
         cols: 3
         dt: f
         data: [ 6.13956630e-01, 7.31306612e-01, 2.97065616e-01,
             5.14438748e-02, 3.38474989e-01, -9.39568162e-01,
             -7.87661672e-01, 5.92136383e-01, 1.70187712e-01 ]
      - !!opencv-matrix
         rows: 3
         cols: 1
         dt: f
         data: [ 9.05331238e+02, -3.38617456e+03, 9.16759766e+02 ]
   -
      - !!opencv-matrix
         rows: 3
         cols: 3
         dt: f
         data: [ 7.21195161e-01, 6.25627279e-01, 2.97435939e-01,
             7.75182247e-03, 4.22051013e-01, -9.06539023e-01,
             -6.92688644e-01, 6.56097233e-01, 2.99531400e-01 ]
      - !!opencv-matrix
         rows: 3
         cols: 1
         dt: f
         data: [ 8.89673828e+02, -3.36909644e+03, 9.29133606e+02 ]
   -
      - !!opencv-matrix
         rows: 3
         cols: 3
         dt: f
         data: [ 7.05380440e-01, 6.56014919e-01, 2.68482655e-01,
             5.63302338e-02, 3.25691819e-01, -9.43796515e-01,
             -7.06587076e-01, 6.80859327e-01, 1.92783177e-01 ]
      - !!opencv-matrix
         rows: 3
         cols: 1
         dt: f
         data: [ 9.07910706e+02, -3.39777588e+03, 9.17929565e+02 ]
   -
      - !!opencv-matrix
         rows: 3
         cols: 3
         dt: f
         data: [ 7.15290606e-01, 6.27075315e-01, 3.08440924e-01,
             1.11537427e-01, 3.33268166e-01, -9.36211348e-01,
             -6.89868629e-01, 7.04065919e-01, 1.68441236e-01 ]
      - !!opencv-matrix
         rows: 3
         cols: 1
         dt: f
         data: [ 9.10990173e+02, -3.38976587e+03, 9.14842285e+02 ]
   -
      - !!opencv-matrix
         rows: 3
         cols: 3
         dt: f
         data: [ 6.30659342e-01, 7.08708763e-01, 3.16228956e-01,
             7.81854093e-02, 3.47384155e-01, -9.34457779e-01,
             -7.72111297e-01, 6.14049077e-01, 1.63670361e-01 ]
      - !!opencv-matrix
         rows: 3
         cols: 1
         dt: f
         data: [ 9.15587891e+02, -3.41274438e+03, 9.01810730e+02 ]
   -
      - !!opencv-matrix
         rows: 3
         cols: 3
         dt: f
         data: [ 6.59747958e-01, 7.11832523e-01, 2.40888029e-01,
             9.93934274e-03, 3.12255025e-01, -9.49946284e-01,
             -7.51421213e-01, 6.29119396e-01, 1.98934495e-01 ]
      - !!opencv-matrix
         rows: 3
         cols: 1
         dt: f
         data: [ 9.06914551e+02, -3.42831641e+03, 9.08280762e+02 ]
   -
      - !!opencv-matrix
         rows: 3
         cols: 3
         dt: f
         data: [ 6.52775109e-01, 6.90204322e-01, 3.12254071e-01,
             1.64712727e-01, 2.73013949e-01, -9.47804332e-01,
             -7.39428401e-01, 6.70135260e-01, 6.45312667e-02 ]
      - !!opencv-matrix
         rows: 3
         cols: 1
         dt: f
         data: [ 9.40352966e+02, -3.39186353e+03, 8.79077576e+02 ]
   -
      - !!opencv-matrix
         rows: 3
         cols: 3
         dt: f
         data: [ 4.96833980e-01, 8.15524936e-01, 2.96774447e-01,
             1.50236249e-01, 2.55980134e-01, -9.54936266e-01,
             -8.54742706e-01, 5.19031048e-01, 4.65822220e-03 ]
      - !!opencv-matrix
         rows: 3
         cols: 1
         dt: f
         data: [ 9.35222107e+02, -3.33495801e+03, 8.91668518e+02 ]
Num: 17
